56458
53674
55550
56293
58065
60653
60797
61192
61543
63489
64128
65978
67107
66371
64689
65084
63569
63883
63617
62594
64047
67017
67331
67167
69348
71799
72197
72765
74004
75908
77414
78769
77915
77460
74627
74251
73064
71980
71645
71997
70417
71289
70123
69654
67823
69294
71237
74016
74010
76370
76310
75342
76661
75808
73613
72952
71623
70150
67122
65278
63952
62955
62648
61739
59971
60231
58280
56640
55469
54233
51263
51615
50984
50936
51168
51886
45092
42313
36469
32602
27388
27069
24869
22633
20014
17911
15563
13996
12558
11734
9974
8659
6836
5545
4300
3465
2571
1879
1220
800
527
341
183
92
64
102
